Explicit lower-bound certificate for g(27,11) >= 23.
Generated by tools/generate_certificates.py using the colex construction.
Verify with: python3 tests/verify_r11.py

A construction showing that for r=11 and n=27, one has g(n,r)>=23:

Layers used: [2, 3, 4, 5, 6, 7, 8, 9, 10, 11, 12, 13, 14, 15, 16, 17, 18, 19, 20, 21, 22, 23, 24]

Layer  2: {17,26}, {18,26}, {19,26}, {20,26}, {21,26}, {22,26}, {23,26}, {24,26}, {25,26}, {1,27}, {2,27}
Layer  3: {12,15,26}, {13,15,26}, {14,15,26}, {1,16,26}, {2,16,26}, {3,16,26}, {4,16,26}, {5,16,26}, {6,16,26}, {7,16,26}, {8,16,26}
Layer  4: {5,10,15,26}, {6,10,15,26}, {7,10,15,26}, {8,10,15,26}, {9,10,15,26}, {1,11,15,26}, {2,11,15,26}, {3,11,15,26}, {4,11,15,26}, {5,11,15,26}, {6,11,15,26}
Layer  5: {1,8,9,15,26}, {2,8,9,15,26}, {3,8,9,15,26}, {4,8,9,15,26}, {5,8,9,15,26}, {6,8,9,15,26}, {7,8,9,15,26}, {1,2,10,15,26}, {1,3,10,15,26}, {2,3,10,15,26}, {1,4,10,15,26}
Layer  6: {1,4,7,9,15,26}, {2,4,7,9,15,26}, {3,4,7,9,15,26}, {1,5,7,9,15,26}, {2,5,7,9,15,26}, {3,5,7,9,15,26}, {4,5,7,9,15,26}, {1,6,7,9,15,26}, {2,6,7,9,15,26}, {3,6,7,9,15,26}, {4,6,7,9,15,26}
Layer  7: {1,2,3,6,9,15,26}, {1,2,4,6,9,15,26}, {1,3,4,6,9,15,26}, {2,3,4,6,9,15,26}, {1,2,5,6,9,15,26}, {1,3,5,6,9,15,26}, {2,3,5,6,9,15,26}, {1,4,5,6,9,15,26}, {2,4,5,6,9,15,26}, {3,4,5,6,9,15,26}, {1,2,3,7,9,15,26}
Layer  8: {1,2,3,6,7,8,15,26}, {1,2,4,6,7,8,15,26}, {1,3,4,6,7,8,15,26}, {2,3,4,6,7,8,15,26}, {1,2,5,6,7,8,15,26}, {1,3,5,6,7,8,15,26}, {2,3,5,6,7,8,15,26}, {1,4,5,6,7,8,15,26}, {2,4,5,6,7,8,15,26}, {3,4,5,6,7,8,15,26}, {1,2,3,4,5,9,15,26}
Layer  9: {6,7,9,10,11,12,13,14,26}, {1,8,9,10,11,12,13,14,26}, {2,8,9,10,11,12,13,14,26}, {3,8,9,10,11,12,13,14,26}, {4,8,9,10,11,12,13,14,26}, {5,8,9,10,11,12,13,14,26}, {6,8,9,10,11,12,13,14,26}, {7,8,9,10,11,12,13,14,26}, {1,2,3,4,5,6,7,15,26}, {1,2,3,4,5,6,8,15,26}, {1,2,3,4,5,7,8,15,26}
Layer 10: {3,5,6,9,10,11,12,13,14,26}, {4,5,6,9,10,11,12,13,14,26}, {1,2,7,9,10,11,12,13,14,26}, {1,3,7,9,10,11,12,13,14,26}, {2,3,7,9,10,11,12,13,14,26}, {1,4,7,9,10,11,12,13,14,26}, {2,4,7,9,10,11,12,13,14,26}, {3,4,7,9,10,11,12,13,14,26}, {1,5,7,9,10,11,12,13,14,26}, {2,5,7,9,10,11,12,13,14,26}, {3,5,7,9,10,11,12,13,14,26}
Layer 11: {4,5,6,7,8,10,11,12,13,14,26}, {1,2,3,4,9,10,11,12,13,14,26}, {1,2,3,5,9,10,11,12,13,14,26}, {1,2,4,5,9,10,11,12,13,14,26}, {1,3,4,5,9,10,11,12,13,14,26}, {2,3,4,5,9,10,11,12,13,14,26}, {1,2,3,6,9,10,11,12,13,14,26}, {1,2,4,6,9,10,11,12,13,14,26}, {1,3,4,6,9,10,11,12,13,14,26}, {2,3,4,6,9,10,11,12,13,14,26}, {1,2,5,6,9,10,11,12,13,14,26}
Layer 12: {1,2,3,4,7,8,10,11,12,13,14,26}, {1,2,3,5,7,8,10,11,12,13,14,26}, {1,2,4,5,7,8,10,11,12,13,14,26}, {1,3,4,5,7,8,10,11,12,13,14,26}, {2,3,4,5,7,8,10,11,12,13,14,26}, {1,2,3,6,7,8,10,11,12,13,14,26}, {1,2,4,6,7,8,10,11,12,13,14,26}, {1,3,4,6,7,8,10,11,12,13,14,26}, {2,3,4,6,7,8,10,11,12,13,14,26}, {1,2,5,6,7,8,10,11,12,13,14,26}, {1,3,5,6,7,8,10,11,12,13,14,26}
Layer 13: {1,2,3,4,5,6,7,8,11,12,13,14,26}, {1,2,3,4,5,6,7,9,11,12,13,14,26}, {1,2,3,4,5,6,8,9,11,12,13,14,26}, {1,2,3,4,5,7,8,9,11,12,13,14,26}, {1,2,3,4,6,7,8,9,11,12,13,14,26}, {1,2,3,5,6,7,8,9,11,12,13,14,26}, {1,2,4,5,6,7,8,9,11,12,13,14,26}, {1,3,4,5,6,7,8,9,11,12,13,14,26}, {2,3,4,5,6,7,8,9,11,12,13,14,26}, {1,2,3,4,5,6,7,10,11,12,13,14,26}, {1,2,3,4,5,6,8,10,11,12,13,14,26}
Layer 14: {6,13,14,15,16,17,18,19,20,21,22,23,24,25}, {7,13,14,15,16,17,18,19,20,21,22,23,24,25}, {8,13,14,15,16,17,18,19,20,21,22,23,24,25}, {9,13,14,15,16,17,18,19,20,21,22,23,24,25}, {10,13,14,15,16,17,18,19,20,21,22,23,24,25}, {11,13,14,15,16,17,18,19,20,21,22,23,24,25}, {12,13,14,15,16,17,18,19,20,21,22,23,24,25}, {1,2,3,4,5,6,7,8,9,10,11,12,13,26}, {1,2,3,4,5,6,7,8,9,10,11,12,14,26}, {1,2,3,4,5,6,7,8,9,10,11,13,14,26}, {1,2,3,4,5,6,7,8,9,10,12,13,14,26}
Layer 15: {8,11,12,14,15,16,17,18,19,20,21,22,23,24,25}, {9,11,12,14,15,16,17,18,19,20,21,22,23,24,25}, {10,11,12,14,15,16,17,18,19,20,21,22,23,24,25}, {1,2,13,14,15,16,17,18,19,20,21,22,23,24,25}, {1,3,13,14,15,16,17,18,19,20,21,22,23,24,25}, {2,3,13,14,15,16,17,18,19,20,21,22,23,24,25}, {1,4,13,14,15,16,17,18,19,20,21,22,23,24,25}, {2,4,13,14,15,16,17,18,19,20,21,22,23,24,25}, {3,4,13,14,15,16,17,18,19,20,21,22,23,24,25}, {1,5,13,14,15,16,17,18,19,20,21,22,23,24,25}, {2,5,13,14,15,16,17,18,19,20,21,22,23,24,25}
Layer 16: {1,5,11,12,14,15,16,17,18,19,20,21,22,23,24,25}, {2,5,11,12,14,15,16,17,18,19,20,21,22,23,24,25}, {3,5,11,12,14,15,16,17,18,19,20,21,22,23,24,25}, {4,5,11,12,14,15,16,17,18,19,20,21,22,23,24,25}, {1,6,11,12,14,15,16,17,18,19,20,21,22,23,24,25}, {2,6,11,12,14,15,16,17,18,19,20,21,22,23,24,25}, {3,6,11,12,14,15,16,17,18,19,20,21,22,23,24,25}, {4,6,11,12,14,15,16,17,18,19,20,21,22,23,24,25}, {5,6,11,12,14,15,16,17,18,19,20,21,22,23,24,25}, {1,7,11,12,14,15,16,17,18,19,20,21,22,23,24,25}, {2,7,11,12,14,15,16,17,18,19,20,21,22,23,24,25}
Layer 17: {6,7,9,10,12,14,15,16,17,18,19,20,21,22,23,24,25}, {1,8,9,10,12,14,15,16,17,18,19,20,21,22,23,24,25}, {2,8,9,10,12,14,15,16,17,18,19,20,21,22,23,24,25}, {3,8,9,10,12,14,15,16,17,18,19,20,21,22,23,24,25}, {4,8,9,10,12,14,15,16,17,18,19,20,21,22,23,24,25}, {5,8,9,10,12,14,15,16,17,18,19,20,21,22,23,24,25}, {6,8,9,10,12,14,15,16,17,18,19,20,21,22,23,24,25}, {7,8,9,10,12,14,15,16,17,18,19,20,21,22,23,24,25}, {1,2,3,11,12,14,15,16,17,18,19,20,21,22,23,24,25}, {1,2,4,11,12,14,15,16,17,18,19,20,21,22,23,24,25}, {1,3,4,11,12,14,15,16,17,18,19,20,21,22,23,24,25}
Layer 18: {3,5,6,9,10,12,14,15,16,17,18,19,20,21,22,23,24,25}, {4,5,6,9,10,12,14,15,16,17,18,19,20,21,22,23,24,25}, {1,2,7,9,10,12,14,15,16,17,18,19,20,21,22,23,24,25}, {1,3,7,9,10,12,14,15,16,17,18,19,20,21,22,23,24,25}, {2,3,7,9,10,12,14,15,16,17,18,19,20,21,22,23,24,25}, {1,4,7,9,10,12,14,15,16,17,18,19,20,21,22,23,24,25}, {2,4,7,9,10,12,14,15,16,17,18,19,20,21,22,23,24,25}, {3,4,7,9,10,12,14,15,16,17,18,19,20,21,22,23,24,25}, {1,5,7,9,10,12,14,15,16,17,18,19,20,21,22,23,24,25}, {2,5,7,9,10,12,14,15,16,17,18,19,20,21,22,23,24,25}, {3,5,7,9,10,12,14,15,16,17,18,19,20,21,22,23,24,25}
Layer 19: {4,5,6,7,8,10,12,14,15,16,17,18,19,20,21,22,23,24,25}, {1,2,3,4,9,10,12,14,15,16,17,18,19,20,21,22,23,24,25}, {1,2,3,5,9,10,12,14,15,16,17,18,19,20,21,22,23,24,25}, {1,2,4,5,9,10,12,14,15,16,17,18,19,20,21,22,23,24,25}, {1,3,4,5,9,10,12,14,15,16,17,18,19,20,21,22,23,24,25}, {2,3,4,5,9,10,12,14,15,16,17,18,19,20,21,22,23,24,25}, {1,2,3,6,9,10,12,14,15,16,17,18,19,20,21,22,23,24,25}, {1,2,4,6,9,10,12,14,15,16,17,18,19,20,21,22,23,24,25}, {1,3,4,6,9,10,12,14,15,16,17,18,19,20,21,22,23,24,25}, {2,3,4,6,9,10,12,14,15,16,17,18,19,20,21,22,23,24,25}, {1,2,5,6,9,10,12,14,15,16,17,18,19,20,21,22,23,24,25}
Layer 20: {1,2,3,4,7,8,10,12,14,15,16,17,18,19,20,21,22,23,24,25}, {1,2,3,5,7,8,10,12,14,15,16,17,18,19,20,21,22,23,24,25}, {1,2,4,5,7,8,10,12,14,15,16,17,18,19,20,21,22,23,24,25}, {1,3,4,5,7,8,10,12,14,15,16,17,18,19,20,21,22,23,24,25}, {2,3,4,5,7,8,10,12,14,15,16,17,18,19,20,21,22,23,24,25}, {1,2,3,6,7,8,10,12,14,15,16,17,18,19,20,21,22,23,24,25}, {1,2,4,6,7,8,10,12,14,15,16,17,18,19,20,21,22,23,24,25}, {1,3,4,6,7,8,10,12,14,15,16,17,18,19,20,21,22,23,24,25}, {2,3,4,6,7,8,10,12,14,15,16,17,18,19,20,21,22,23,24,25}, {1,2,5,6,7,8,10,12,14,15,16,17,18,19,20,21,22,23,24,25}, {1,3,5,6,7,8,10,12,14,15,16,17,18,19,20,21,22,23,24,25}
Layer 21: {1,2,3,4,5,6,7,8,12,14,15,16,17,18,19,20,21,22,23,24,25}, {1,2,3,4,5,6,7,9,12,14,15,16,17,18,19,20,21,22,23,24,25}, {1,2,3,4,5,6,8,9,12,14,15,16,17,18,19,20,21,22,23,24,25}, {1,2,3,4,5,7,8,9,12,14,15,16,17,18,19,20,21,22,23,24,25}, {1,2,3,4,6,7,8,9,12,14,15,16,17,18,19,20,21,22,23,24,25}, {1,2,3,5,6,7,8,9,12,14,15,16,17,18,19,20,21,22,23,24,25}, {1,2,4,5,6,7,8,9,12,14,15,16,17,18,19,20,21,22,23,24,25}, {1,3,4,5,6,7,8,9,12,14,15,16,17,18,19,20,21,22,23,24,25}, {2,3,4,5,6,7,8,9,12,14,15,16,17,18,19,20,21,22,23,24,25}, {1,2,3,4,5,6,7,10,12,14,15,16,17,18,19,20,21,22,23,24,25}, {1,2,3,4,5,6,8,10,12,14,15,16,17,18,19,20,21,22,23,24,25}
Layer 22: {3,4,5,6,7,8,9,10,11,12,13,15,16,17,18,19,20,21,22,23,24,25}, {1,2,3,4,5,6,7,8,9,10,14,15,16,17,18,19,20,21,22,23,24,25}, {1,2,3,4,5,6,7,8,9,11,14,15,16,17,18,19,20,21,22,23,24,25}, {1,2,3,4,5,6,7,8,10,11,14,15,16,17,18,19,20,21,22,23,24,25}, {1,2,3,4,5,6,7,9,10,11,14,15,16,17,18,19,20,21,22,23,24,25}, {1,2,3,4,5,6,8,9,10,11,14,15,16,17,18,19,20,21,22,23,24,25}, {1,2,3,4,5,7,8,9,10,11,14,15,16,17,18,19,20,21,22,23,24,25}, {1,2,3,4,6,7,8,9,10,11,14,15,16,17,18,19,20,21,22,23,24,25}, {1,2,3,5,6,7,8,9,10,11,14,15,16,17,18,19,20,21,22,23,24,25}, {1,2,4,5,6,7,8,9,10,11,14,15,16,17,18,19,20,21,22,23,24,25}, {1,3,4,5,6,7,8,9,10,11,14,15,16,17,18,19,20,21,22,23,24,25}
Layer 23: {1,2,3,4,5,6,7,8,9,10,11,12,15,16,17,18,19,20,21,22,23,24,25}, {1,2,3,4,5,6,7,8,9,10,11,13,15,16,17,18,19,20,21,22,23,24,25}, {1,2,3,4,5,6,7,8,9,10,12,13,15,16,17,18,19,20,21,22,23,24,25}, {1,2,3,4,5,6,7,8,9,11,12,13,15,16,17,18,19,20,21,22,23,24,25}, {1,2,3,4,5,6,7,8,10,11,12,13,15,16,17,18,19,20,21,22,23,24,25}, {1,2,3,4,5,6,7,9,10,11,12,13,15,16,17,18,19,20,21,22,23,24,25}, {1,2,3,4,5,6,8,9,10,11,12,13,15,16,17,18,19,20,21,22,23,24,25}, {1,2,3,4,5,7,8,9,10,11,12,13,15,16,17,18,19,20,21,22,23,24,25}, {1,2,3,4,6,7,8,9,10,11,12,13,15,16,17,18,19,20,21,22,23,24,25}, {1,2,3,5,6,7,8,9,10,11,12,13,15,16,17,18,19,20,21,22,23,24,25}, {1,2,4,5,6,7,8,9,10,11,12,13,15,16,17,18,19,20,21,22,23,24,25}
Layer 24: {1,2,3,4,5,6,7,8,9,10,11,12,13,14,15,16,17,18,19,20,21,22,23,24}, {1,2,3,4,5,6,7,8,9,10,11,12,13,14,15,16,17,18,19,20,21,22,23,25}, {1,2,3,4,5,6,7,8,9,10,11,12,13,14,15,16,17,18,19,20,21,22,24,25}, {1,2,3,4,5,6,7,8,9,10,11,12,13,14,15,16,17,18,19,20,21,23,24,25}, {1,2,3,4,5,6,7,8,9,10,11,12,13,14,15,16,17,18,19,20,22,23,24,25}, {1,2,3,4,5,6,7,8,9,10,11,12,13,14,15,16,17,18,19,21,22,23,24,25}, {1,2,3,4,5,6,7,8,9,10,11,12,13,14,15,16,17,18,20,21,22,23,24,25}, {1,2,3,4,5,6,7,8,9,10,11,12,13,14,15,16,17,19,20,21,22,23,24,25}, {1,2,3,4,5,6,7,8,9,10,11,12,13,14,15,16,18,19,20,21,22,23,24,25}, {1,2,3,4,5,6,7,8,9,10,11,12,13,14,15,17,18,19,20,21,22,23,24,25}, {1,2,3,4,5,6,7,8,9,10,11,12,13,14,16,17,18,19,20,21,22,23,24,25}
